vanishing points:
(0.000000,0.000000,1.000000,0.000000,0.000000,0.000000,0.000000)
(0.000000,0.000000,1.000000,0.000000,0.000000,0.000000,0.000000)
(0.000000,0.000000,1.000000,0.000000,0.000000,0.000000,0.000000)
reference plane homography:
1.000000,0.000000,0.000000
0.000000,1.000000,0.000000
0.000000,0.000000,1.000000
point for reference height: -1
num of points: 14
(44.500000,406.000000,1.000000,0.000000,0.000000,0.000000,0.000000)
(326.500000,399.000000,1.000000,0.000000,0.000000,0.000000,0.000000)
(45.500000,281.000000,1.000000,0.000000,0.000000,0.000000,0.000000)
(330.500000,284.000000,1.000000,0.000000,0.000000,0.000000,0.000000)
(131.500000,344.000000,1.000000,0.000000,0.000000,0.000000,0.000000)
(178.500000,343.000000,1.000000,0.000000,0.000000,0.000000,0.000000)
(421.500000,427.000000,1.000000,0.000000,0.000000,0.000000,0.000000)
(544.500000,252.000000,1.000000,0.000000,0.000000,0.000000,0.000000)
(3.500000,272.000000,1.000000,0.000000,0.000000,0.000000,0.000000)
(27.500000,429.000000,1.000000,0.000000,0.000000,0.000000,0.000000)
(411.500000,369.000000,1.000000,0.000000,0.000000,0.000000,0.000000)
(414.500000,281.000000,1.000000,0.000000,0.000000,0.000000,0.000000)
(182.500000,284.000000,1.000000,0.000000,0.000000,0.000000,0.000000)
(134.500000,284.000000,1.000000,0.000000,0.000000,0.000000,0.000000)
num of lines: 10
x: 1 2
x: 3 4
x: 5 6
z: 1 3
z: 2 4
y: 3 9
y: 4 8
y: 2 7
y: 1 10
z: 11 12
num of polygons: 0
num of boxes: 0
0
