vanishing points:
(3578.625753,317.587536,1.000000,1000.000000,0.000000,0.000000,1.000000)
(87.325586,320.977035,1.000000,0.000000,1000.000000,0.000000,1.000000)
(-61.240717,12688.649384,1.000000,0.000000,0.000000,1000.000000,1.000000)
reference plane homography:
0.309243,-0.136400,0.144740
0.073356,-0.245741,0.893887
0.000250,-0.000798,0.003181
point for reference height: 0
num of points: 36
(44.500000,406.000000,1.000000,0.000000,0.000000,2.000000,1.000000)
(326.500000,399.000000,1.000000,0.000000,0.000000,0.000000,0.000000)
(45.500000,281.000000,1.000000,0.000000,0.000000,0.000000,1.000000)
(330.500000,284.000000,1.000000,4.000000,0.000000,0.000000,1.000000)
(131.500000,344.000000,1.000000,0.987405,-0.377269,1.034187,1.000000)
(178.500000,343.000000,1.000000,1.663356,-0.292619,1.018226,1.000000)
(421.500000,427.000000,1.000000,0.000000,0.000000,0.000000,0.000000)
(544.500000,252.000000,1.000000,4.000000,3.000000,0.000000,1.000000)
(3.500000,272.000000,1.000000,0.000000,1.000000,0.000000,1.000000)
(27.500000,429.000000,1.000000,0.000000,0.000000,0.000000,0.000000)
(411.500000,369.000000,1.000000,0.000000,0.000000,0.000000,0.000000)
(414.500000,281.000000,1.000000,0.000000,0.000000,0.000000,0.000000)
(182.500000,284.000000,1.000000,1.663356,-0.292619,0.000000,1.000000)
(134.500000,284.000000,1.000000,0.987405,-0.377269,0.000000,1.000000)
(182.500000,226.000000,1.000000,0.000000,0.000000,0.000000,0.000000)
(192.500000,215.000000,1.000000,1.710590,1.013935,-0.752073,1.000000)
(203.500000,245.000000,1.000000,1.787549,1.515231,-0.306473,1.000000)
(308.500000,170.000000,1.000000,2.033409,3.304894,-0.306473,1.000000)
(389.500000,200.000000,1.000000,2.630161,3.065604,-0.306473,1.000000)
(277.500000,251.000000,1.000000,2.605578,1.306722,-0.306473,1.000000)
(312.500000,135.000000,1.000000,2.039347,3.320665,-0.516458,1.000000)
(362.500000,159.000000,1.000000,2.374935,3.177911,-0.516458,1.000000)
(223.500000,206.000000,1.000000,1.847790,2.259363,-0.516458,1.000000)
(232.500000,166.000000,1.000000,1.879599,2.425093,-0.752073,1.000000)
(317.500000,92.000000,1.000000,2.079114,3.272632,-0.752073,1.000000)
(361.500000,122.000000,1.000000,2.404369,3.115064,-0.752073,1.000000)
(181.500000,240.000000,1.000000,1.663356,-0.292619,-0.752073,1.000000)
(45.500000,240.000000,1.000000,-0.244028,-0.712105,-0.787143,1.000000)
(332.500000,247.000000,1.000000,4.734016,-1.277245,-0.752073,1.000000)
(547.500000,165.000000,1.000000,4.066782,2.953184,-0.752073,1.000000)
(190.500000,275.000000,1.000000,1.701435,1.028103,0.000000,1.000000)
(274.500000,280.000000,1.000000,2.829957,0.573706,0.000000,1.000000)
(260.500000,288.000000,1.000000,3.132512,-1.130317,0.000000,1.000000)
(135.500000,238.000000,1.000000,0.987405,-0.377269,-0.787143,1.000000)
(191.500000,253.000000,1.000000,1.710590,1.013935,-0.306473,1.000000)
(222.500000,227.000000,1.000000,1.847790,2.259363,-0.306473,1.000000)
num of lines: 10
x: 1 2
x: 3 4
x: 5 6
z: 1 3
z: 2 4
y: 3 9
y: 4 8
y: 2 7
y: 1 10
z: 11 12
num of polygons: 0
num of boxes: 0
0
