vanishing points:
(0.000000,0.000000,1.000000,0.000000,0.000000,0.000000,0.000000)
(0.000000,0.000000,1.000000,0.000000,0.000000,0.000000,0.000000)
(0.000000,0.000000,1.000000,0.000000,0.000000,0.000000,0.000000)
reference plane homography:
1.000000,0.000000,0.000000
0.000000,1.000000,0.000000
0.000000,0.000000,1.000000
point for reference height: -1
num of points: 23
(359.500000,739.000000,1.000000,0.000000,0.000000,0.000000,0.000000)
(567.500000,558.000000,1.000000,0.000000,0.000000,0.000000,0.000000)
(565.500000,408.000000,1.000000,0.000000,0.000000,0.000000,0.000000)
(359.500000,224.000000,1.000000,0.000000,0.000000,0.000000,0.000000)
(568.500000,557.000000,1.000000,0.000000,0.000000,0.000000,0.000000)
(642.500000,557.000000,1.000000,0.000000,0.000000,0.000000,0.000000)
(642.500000,407.000000,1.000000,0.000000,0.000000,0.000000,0.000000)
(566.500000,407.000000,1.000000,0.000000,0.000000,0.000000,0.000000)
(641.500000,557.000000,1.000000,0.000000,0.000000,0.000000,0.000000)
(642.500000,407.000000,1.000000,0.000000,0.000000,0.000000,0.000000)
(711.500000,221.000000,1.000000,0.000000,0.000000,0.000000,0.000000)
(712.500000,740.000000,1.000000,0.000000,0.000000,0.000000,0.000000)
(643.500000,557.000000,1.000000,0.000000,0.000000,0.000000,0.000000)
(359.500000,738.000000,1.000000,0.000000,0.000000,0.000000,0.000000)
(713.500000,740.000000,1.000000,0.000000,0.000000,0.000000,0.000000)
(643.500000,557.000000,1.000000,0.000000,0.000000,0.000000,0.000000)
(568.500000,557.000000,1.000000,0.000000,0.000000,0.000000,0.000000)
(360.500000,738.000000,1.000000,0.000000,0.000000,0.000000,0.000000)
(360.500000,222.000000,1.000000,0.000000,0.000000,0.000000,0.000000)
(712.500000,221.000000,1.000000,0.000000,0.000000,0.000000,0.000000)
(643.500000,407.000000,1.000000,0.000000,0.000000,0.000000,0.000000)
(564.500000,408.000000,1.000000,0.000000,0.000000,0.000000,0.000000)
(359.500000,223.000000,1.000000,0.000000,0.000000,0.000000,0.000000)
num of lines: 0
num of polygons: 5
right
4: 1 2 3 4
1.000000 0.000000 0.000000 
0.000000 1.000000 0.000000 
0.000000 0.000000 1.000000 

back
4: 5 6 7 8
1.000000 0.000000 0.000000 
0.000000 1.000000 0.000000 
0.000000 0.000000 1.000000 

left
5: 9 10 11 12 13
1280.000000 0.000000 0.000000 
0.000000 1024.000000 0.000000 
0.000000 0.000000 1.000000 

up
5: 14 15 16 17 18
1280.000000 0.000000 0.000000 
0.000000 1024.000000 0.000000 
0.000000 0.000000 1.000000 

ground
5: 19 20 21 22 23
1280.000000 0.000000 0.000000 
0.000000 1024.000000 0.000000 
0.000000 0.000000 1.000000 

num of boxes: 0
0
