vanishing points:
(0.787237,0.616649,0.001272,1000.000000,0.000000,0.000000,1.000000)
(inf,nan,1.000000,0.000000,1000.000000,0.000000,1.000000)
(0.002658,0.999996,0.000001,0.000000,0.000000,1000.000000,1.000000)
reference plane homography:
1.000000,0.000000,0.000000
0.000000,1.000000,0.000000
0.000000,0.000000,1.000000
point for reference height: 1
num of points: 25
(358.500000,739.000000,1.000000,0.000000,0.000000,0.000000,0.000000)
(564.500000,551.000000,1.000000,0.000000,0.000000,1.000000,1.000000)
(357.500000,293.000000,1.000000,1.000000,0.000000,0.000000,1.000000)
(563.500000,429.000000,1.000000,0.000000,0.000000,0.000000,1.000000)
(358.500000,456.000000,1.000000,0.000000,0.000000,0.000000,0.000000)
(563.500000,480.000000,1.000000,0.000000,0.000000,0.000000,0.000000)
(564.500000,428.000000,1.000000,0.000000,0.000000,0.000000,0.000000)
(636.500000,428.000000,1.000000,0.000000,1.000000,0.000000,1.000000)
(565.500000,551.000000,1.000000,0.000000,0.000000,0.000000,0.000000)
(638.500000,551.000000,1.000000,0.000000,0.000000,0.000000,0.000000)
(563.500000,479.000000,1.000000,0.000000,0.000000,0.000000,0.000000)
(636.500000,479.000000,1.000000,0.000000,0.000000,0.000000,0.000000)
(358.500000,738.000000,1.000000,0.000000,0.000000,0.000000,0.000000)
(357.500000,293.000000,1.000000,0.000000,0.000000,0.000000,0.000000)
(564.500000,550.000000,1.000000,0.000000,0.000000,0.000000,0.000000)
(564.500000,427.000000,1.000000,0.000000,0.000000,0.000000,0.000000)
(639.500000,550.000000,1.000000,0.000000,0.000000,0.000000,0.000000)
(638.500000,428.000000,1.000000,0.000000,0.000000,0.000000,0.000000)
(639.500000,551.000000,1.000000,0.000000,0.000000,0.000000,0.000000)
(756.500000,792.000000,1.000000,0.000000,0.000000,0.000000,0.000000)
(638.500000,428.000000,1.000000,0.000000,0.000000,0.000000,0.000000)
(755.500000,228.000000,1.000000,0.000000,0.000000,0.000000,0.000000)
(757.500000,791.000000,1.000000,0.000000,0.000000,0.000000,0.000000)
(756.500000,227.000000,1.000000,1.000000,1.000000,0.000000,1.000000)
(357.500000,292.000000,1.000000,0.000000,0.000000,0.000000,0.000000)
num of lines: 12
x: 1 2
x: 3 4
x: 5 6
y: 7 8
y: 9 10
y: 11 12
z: 13 14
z: 15 16
z: 17 18
x: 19 20
x: 21 22
z: 23 24
num of polygons: 0
num of boxes: 0
0
