vanishing points:
(inf,nan,1.000000,1000.000000,0.000000,0.000000,1.000000)
(0.783487,0.621407,0.001261,0.000000,1000.000000,0.000000,1.000000)
(630.027326,-58114.921335,1.000000,0.000000,0.000000,1000.000000,1.000000)
reference plane homography:
1.000000,0.000000,0.000000
0.000000,1.000000,0.000000
0.000000,0.000000,1.000000
point for reference height: -1
num of points: 10
(564.500000,405.500000,1.000000,0.000000,0.000000,0.000000,0.000000)
(645.500000,405.500000,1.000000,0.000000,0.000000,0.000000,0.000000)
(566.500000,583.500000,1.000000,0.000000,0.000000,0.000000,0.000000)
(645.500000,583.500000,1.000000,0.000000,0.000000,0.000000,0.000000)
(564.500000,435.500000,1.000000,0.000000,0.000000,0.000000,0.000000)
(646.500000,435.500000,1.000000,0.000000,0.000000,0.000000,0.000000)
(378.500000,202.500000,1.000000,0.000000,0.000000,0.000000,0.000000)
(756.500000,203.500000,1.000000,0.000000,0.000000,0.000000,0.000000)
(375.500000,822.500000,1.000000,0.000000,0.000000,0.000000,0.000000)
(757.500000,804.500000,1.000000,0.000000,0.000000,0.000000,0.000000)
num of lines: 11
x: 1 2
x: 3 4
x: 5 6
y: 1 7
y: 2 8
y: 3 9
y: 4 10
z: 3 1
z: 4 2
z: 9 7
z: 10 8
num of polygons: 0
num of boxes: 0
0
