vanishing points:
(inf,nan,1.000000,1000.000000,0.000000,0.000000,1.000000)
(0.783487,0.621407,0.001261,0.000000,1000.000000,0.000000,1.000000)
(630.027326,-58114.921335,1.000000,0.000000,0.000000,1000.000000,1.000000)
reference plane homography:
1.000000,0.000000,0.000000
0.000000,1.000000,0.000000
0.000000,0.000000,1.000000
point for reference height: 3
num of points: 10
(564.500000,405.500000,1.000000,0.000000,0.000000,0.000000,1.000000)
(645.500000,405.500000,1.000000,1.000000,0.000000,0.000000,1.000000)
(566.500000,583.500000,1.000000,0.000000,0.000000,1.000000,1.000000)
(645.500000,583.500000,1.000000,1.000000,0.000000,1.000000,1.000000)
(564.500000,435.500000,1.000000,0.000000,0.000000,0.000000,0.000000)
(646.500000,435.500000,1.000000,0.000000,0.000000,0.000000,0.000000)
(378.500000,202.500000,1.000000,0.000000,1.000000,0.000000,1.000000)
(756.500000,203.500000,1.000000,1.000000,1.000000,0.000000,1.000000)
(375.500000,822.500000,1.000000,0.000000,1.000000,1.000000,1.000000)
(757.500000,804.500000,1.000000,1.000000,1.000000,1.000000,1.000000)
num of lines: 11
x: 1 2
x: 3 4
x: 5 6
y: 1 7
y: 2 8
y: 3 9
y: 4 10
z: 3 1
z: 4 2
z: 9 7
z: 10 8
num of polygons: 5
uppp
4: 9 3 4 10
0.726267 0.132654 0.112265 
0.617788 0.014209 0.245907 
0.001181 0.000024 0.000299 

lefttt
4: 4 2 8 10
0.001648 -0.404767 0.619396 
-0.169767 -0.331958 0.559903 
0.000003 -0.000676 0.000960 

backkk
4: 1 2 4 3
-0.111570 -0.022509 -0.777545 
-0.000000 -0.265525 -0.558537 
-0.000000 -0.000035 -0.001377 

downnn
4: 1 2 8 7
0.088354 -0.522993 0.610595 
0.000465 -0.391744 0.438612 
0.000001 -0.000850 0.001082 

righttt
4: 3 1 7 9
-0.006552 0.454565 -0.559106 
0.169552 0.346896 -0.575884 
-0.000015 0.000709 -0.000987 

num of boxes: 0
0
